2.08280021051199
6.60597117964236
-4.13499138817453
0.52538623450667
-0.465122447914603
2.63970068204823
1.55037024357928
1.57932159945003
5.41160435986203
0.260898890406007
2.02688172640402
1.45511556366607
-0.636202729956838
-2.12537118628051
-2.44294361980059
-2.54418700158894
5.8317633625409
-1.4698498760224
-5.29725099291229
-1.23958889564879
0.471749410907105
1.43185508530299
-1.38688641343396
-4.91915580541026
0.204005317304678
0.675798387563623
-2.15448363127
-3.71870719555881
0.343750539821909
4.41512113490921
-1.16739757714889
-0.232403320086295
1.31870153347798
1.53700229174988
-0.396495723171973
1.23967666547442
-1.96332530414193
1.12444161068532
-1.79440569817422
1.6848716872952
-3.21080635678975
-0.278025974226161
3.56261238260913
0.103572245905273
1.88787761750371
-0.0383945053175653
-3.09298202879683
-1.32150642441469
-1.8868051955335
-2.32136989497019
-0.254830418694717
0.555442168373019
1.45981017890209
-0.30282239690206
1.8174740896358
2.06817765401674
-3.53574294997553
-0.142452670446364
3.06553271811281
3.68903782910635
0.0521768289842756
2.82602349955359
-1.96241068256397
1.59296290831045
0.319524246334633
-2.48037056132126
-1.86565030326704
1.20018847986857
-0.0346125758799479
2.55993158820397
-0.363958047841663
-0.195583819494334
-1.48146507024012
-1.56123874095904
-0.316090043682366
-6.57190272277861
-0.788437827352425
-1.13746713371569
0.682562181122584
0.515326918653781
1.34741152048538
-2.38097254161679
-0.603660677864654
3.60935993977627
-1.17871744868008
2.50625541427652
-0.337934553516596
-2.31654867000778
-1.92198051717712
-1.08069900749113
-2.78868862917925
3.04234284900634
1.61958591049377
2.3705660929848
-0.391752381902415
0.0431201942234138
-2.22833417384836
-0.121119973221376
-5.71506599128866
2.83611604952888
1.80989215281508
-0.0340617548952833
2.89691871100835
-1.01191446290844
1.71862360119112
-0.499307979877639
-2.77163376457112
-1.59336246778014
1.15101628126419
-1.14348137415445
-0.415826909650909
0.220499145834081
-0.116335890401128
3.33592481405782
-2.96409303716788
-0.22531962989752
-0.531065881284037
-1.71812632400591
0.202740103049885
-2.77918952496041
-2.80650409616805
0.976043684922509
-1.89804572423162
1.49172148700778
-2.50483937097023
-2.31476196933453
2.39212438039076
-1.17661808826165
-3.71033158090677
-2.6311404082263
-0.183118226132046
0.646122983633235
0.465060618175832
-0.768349406729353
0.61872772159533
-1.8793948106048
0.313906671333537
-2.72407473882424
1.79142733683323
1.01647269089806
-2.55604451005795
0.794225492566503
-3.74792933678418
1.5613990775099
-6.22783277150628
3.61074500232156
0.257057725355853
-2.99128144343031
-1.43941034415282
1.62258083751679
1.0004606431411
2.38528074189114
-0.551273903980883
2.51919156064202
-2.01592935769612
1.87656473795218
0.677446556820911
0.687656391708208
4.16915614968882
0.994876038100604
1.47007723635446
-3.93854280743427
-0.0126438157290934
-2.75018370452664
-0.940493893344942
0.282425164239828
0.795560955398841
-2.76567984109879
1.87258755428897
-1.40949644621956
1.91687750256122
-3.76742948109057
-0.031255367337253
-2.93043835696594
-0.62873148970727
1.80062479340312
-3.91722009104325
-0.915220815442173
1.46665224374136
-0.917187823546779
0.298085486806164
0.875874961748411
-1.22578807371416
-0.259670453239285
1.03751630808411
0.969718570932943
2.95626013768202
-3.58476963325339
3.41870299695217
-1.16522248203839
3.49604609666694
1.08733772254344
2.99644393048129
1.92291044878936
0.100951368229638
2.86305692740569
1.57676235022895
-0.438171911237816
1.5857877512954
-0.0991391712307206
-2.15039057039211
2.97036588467527
-0.475354432616098
-0.0904896772239004
0.672142013323583
2.12320109033576
0.218196763080011
-0.660331855618061
4.84968403847992
-0.702887275044902
2.76708252638657
0.708401937952367
-2.76347858001942
1.00327799032919
0.97803353808454
0.0614485120393655
-4.36850806013767
2.63819065869771
-0.0625855269784778
0.915020707419116
-0.1558677665634
-0.305022855497232
-1.08034444617978
0.304233611121501
-2.45519098437124
0.380617026230735
2.1031246171613
0.363545171087457
2.34461534976969
-0.459976189157251
2.21673446703588
-4.21095977247774
1.44176742979857
-2.16902164691313
1.94769631678257
3.00265788062066
0.35622762657583
2.0325311884928
-0.108129473346305
0.542967018423757
-3.59024379033172
0.245321180340383
1.85313253396608
-1.7706206981267
2.91888899944984
-1.81287053812249
-0.39596648470327
0.783415633087303
-0.0629410602844099
3.90993816101858
-2.61603206627158
0.478469143151174
-0.151376725411326
2.28580237976529
2.06484278933425
-0.489741922962173
0.225012384705439
2.41191310972306
-0.193869491271471
0.63487451931459
-2.29156323373823
-0.607410438064228
0.0173598778203848
0.478036638700519
0.76377095677809
-0.31733620771261
-2.91812272865548
-4.42920327218521
-0.612695088987222
-0.0851214246173441
2.00857252221448
-0.27412341893443
1.73426854784452
-2.17297208754847
-0.085655220863238
1.03130880540138
0.0838368200978083
-1.00390305367035
-1.71902456162051
0.592950203660258
2.98860184603128
0.735624997692394
-1.97701115784385
0.164445804557892
4.43394179920352
2.38948668525584
-0.607331392760727
-0.868558936965906
3.11553132668003
0.909887791982932
-3.88573824885207
-0.19196036689506
-2.0304062070023
0.417364700405534
0.097066158625298
2.24363436146448
-1.82866245603775
-0.158049885958601
-1.07275229066795
-1.0578752618047
-0.381268997058639
-4.05463314745434
0.987691268871634
1.73750787645636
0.33824142638379
3.20749581942033
2.61493191649906
-3.06370555349624
1.77197746921989
4.89717593080704
0.149474728266406
2.39341475647708
-0.0432242539218252
-1.95976355386777
1.49870854448108
-1.59790628947331
4.71981266254892
-0.0843285858448603
-1.98053358608664
-1.19260178585724
-3.06661138468408
0.823117719772482
1.59890213420436
1.52964500958459
0.741865815183766
0.778961430818208
-1.70595398262423
2.29938576939482
-0.715656414180778
-1.38028429960686
1.61292630920949
0.761513833251439
2.55564833188448
1.20714634397841
1.55171098244768
-0.50274069299435
-2.23226154049359
-2.72644778626743
0.0360868736498788
-1.22391243878152
-1.2375576968327
0.465887412045446
3.44466555678836
2.16495326660557
-4.72691575235312
5.16106261583427
3.1018729455766
2.48476171456532
1.28647013034211
-1.51626493836596
-0.412868650200438
0.522861420081794
-2.52102609574758
-2.51759373469545
-1.65058022600728
-0.454289401465999
-1.41727414018977
-1.62661317259836
1.71365312379995
-0.217342211716654
0.669587667121143
-0.201477331882457
-1.22540427872164
-2.4160982855705
2.97141373534706
-0.115413484628399
-0.527889178044462
-1.41878464022145
0.237725374967288
1.82303933235944
-2.19944228765446
0.697015326619599
-0.172560864192616
-3.62910126636747
-0.634961873975705
0.892981191314475
-0.279016496133736
-0.367118422647374
1.25145349608925
-4.32687279845564
-0.73770682656631
1.51172582515828
1.02374570948261
-1.04473204994227
2.90810040459353
-2.81441160989832
0.910658310281965
0.553051135220312
-3.64523407427713
0.430041325458744
0.200422743434288
0.872517405274482
1.7709990050157
1.22683326820637
2.64968316400561
0.446109194670366
-0.715777281916453
0.395907294407572
-5.7784493598831
-3.1299195635428
-1.2597863368533
0.529686771191674
2.022226160944
-0.785708986941556
-0.301181835885755
-1.22827758240982
-2.75307718418069
0.465194927401327
-2.05142093547147
-0.930110793344408
-4.38494370841964
0.927147602281735
2.44902716554112
1.68703265991338
-0.704934393372139
-2.36140869626419
2.2071357136078
-0.457374800433172
1.625017611891
-0.938010061871492
0.634601101016357
-2.47142135294104
2.99387195149948
0.815876620208665
-3.27759527802803
0.649442188934027
-0.844464020516734
-0.206804383551031
1.99626071805135
3.76253337734274
0.0353289950009958
-2.82341368703816
3.17962588311623
1.53608574591136
-2.02469398625804
3.54927241296357
-1.35004123678046
0.265269376368003
0.730822037758954
-2.02865264349943
2.08741438799333
-3.31845883414
2.58555377964948
1.36013758786329
-0.334527423681878
-1.01404483609253
-0.946451432313221
-0.400699859021783
-1.07719682433002
-0.526928147106809
-2.76007062731663
2.13473038991385
0.710575928638834
-0.736226538894655
-0.212022196253434
0.488628055580986
0.577045137832964
-0.488435224097112
0.883210395084274
2.79164517447207
0.1784598181344
1.40860630380119
-1.13090494182448
-0.40069472619522
-1.7143455823416
0.335221158077065
-0.221488854653687
-0.526652009803352
-2.58126794593667
0.54082149247779
-0.869511795606247
1.14914433997495
0.833081449140168
-0.494840625342246
-1.48468780443994
2.61688934029235
0.427338055640018
1.49202912824427
-3.72190073308625
-1.29941118985208
-1.94272449720634
3.71241634526054
0.555075909139338
-0.584392607708005
0.0794415951497532
0.24705479678234
2.57707230814668
1.46206745374327
-0.835927026725116
2.30178767829708
-1.03919626329879
-1.85457264773204
0.649896561031889
0.856712106490785
1.53793369304717
-0.870077925004109
-2.08177691609353
0.997246528906339
0.744681232696843
2.01236439153054
2.24723103501113
-4.01899740275084
2.49557218003996
2.16740791213307
-1.83857226124789
0.621293304199668
-0.0506341899861213
1.29696664698833
-0.866978437247241
2.50797566578691
0.583677292556027
1.47402252752293
0.377570640167899
-3.14549035302404
-0.223994736060599
-2.41663242561001
-3.41607380375832
-1.02164649386367
-1.76619737309269
-3.36342929767624
1.52082614765523
-0.00378512385883115
1.18736811931027
2.58189565713896
1.7716746858315
-0.0334304823517244
-3.65810109457255
2.79716586538135
-1.54566507333661
-1.54503851020143
6.31750171066526
-3.75147494988991
-2.20376858801683
-0.465941373953866
0.722894092351493
-1.78884198295715
-1.07406768511277
-0.65795073049257
0.73627015407331
-1.74111567103368
-1.30429883060016
0.708900741447009
-3.19237162390414
-1.92796262927771
-4.30868784242755
1.15563072590304
-0.6522887492502
1.54640655204154
-3.04543551479655
2.06145742758821
-1.29858006709987
2.45709301282242
0.438579676103817
0.600447176419778
1.45119662307065
-2.42261844349512
1.81376120610997
-1.73451227040642
-1.098509146885
-0.733371866581208
0.34770611664876
1.44418083083516
3.33806870309525
0.644421756495627
0.337651304823633
3.43859173030659
1.24581800692178
1.39374017868801
-0.556361012064518
-0.467474347890014
-2.62141025790114
0.926137220098403
2.57433454742847
-2.87029092078024
-3.36254294220001
-0.98483848189266
-0.886139153961136
-2.34451811598554
2.13448493992083
-1.19306775589928
0.350623435581579
2.30468924953533
-3.74889532778054
-1.33902552739379
-2.03143549474192
-0.457152024370195
1.99596164054596
1.40661243638631
2.23357037641491
-3.30799567218423
4.19747149612304
-4.03652016262618
1.60184322746716
-2.21802168589088
3.38684803768054
-1.34269810835194
2.6333694131703
2.12491289862894
-2.27282029378945
2.42873607887602
-0.41397492732123
0.970268274931429
1.43424209130822
-1.87950621942252
0.731348984361589
3.26493570245365
2.11129824127721
-2.70931621568126
0.298207436778514
2.73462393743461
-4.29302744201278
-1.44468143606619
-2.38210825637832
-2.46539185225615
3.42536073000597
-1.65731680974015
-2.00629616144159
0.265487822296414
-1.74206589162605
0.452302774800113
-0.161450759184499
-2.94933606347439
-1.15140610651718
-1.88699934986552
-1.0956611140316
-0.542994010432816
-3.90812156614615
-1.24154879021537
0.471019781222024
-1.01442186815745
0.146791703771648
0.688968848678238
-0.0613813698423795
0.654170932873101
-3.40709520309002
3.55727280987654
-3.99426583871632
4.32080602967964
-1.93778564368471
2.8393240023314
1.08773788967528
-0.0835439690848446
-0.998606686356748
-3.31335054044097
-1.30526119353722
-1.82417037701583
5.22330239931106
1.54627399276072
1.53938815696695
1.16663349896389
-2.43857801606568
3.22382534304729
-2.76894148637612
2.84077684523096
-1.47471471863947
1.46075277327662
-6.55646522480175
2.03352104005532
-1.05573475593617
-0.0650948535980233
0.0157344507736626
3.34262944056396
-0.564806441065359
2.8472573651441
0.042233312274848
1.44489532105321
1.55619429347094
-0.403083831607859
0.444752693613084
0.0665723501034072
-2.44273219249366
-3.94790381789585
-1.05001074988493
1.58420080227312
-2.20943531243678
-0.241304741737502
-0.954100296155134
3.34164091496344
-0.0751220954991484
-0.809473339740833
2.22706511340641
-2.24307973561321
-2.16089287767008
-2.17252142680126
-1.44484355505225
-0.822576387457827
2.87106563960283
1.19851564218326
-4.23342272448692
0.827631886715874
-1.25805994769314
0.514292572366927
3.64078880160807
-0.974325103775129
-2.68987912713555
-0.635543062522702
-0.370418787333606
-2.01628966348127
-0.928437751518667
-3.35475755619035
-0.771988211401933
2.88370020662833
-2.4742963130115
0.627996542475361
0.822308886624962
-1.08440560377007
-2.2559548837773
2.70362603060373
5.51659035975913
0.35066251027074
3.56548923900124
-1.06826982105387
-0.658765287352128
-2.51771155320178
-1.10582334274181
0.467418053511621
1.52261403131838
-0.2554182337237
0.42132016719719
-1.79634705845141
-1.80277553364501
-1.83719806930945
0.94529779229662
1.78997546834927
-0.538527111501368
1.61023898264046
-0.816592797611289
3.19745072429764
-0.577048954891317
-2.22640335536307
1.13982889671963
2.70913566443324
-0.06966143220373
-1.86423435632694
-1.19531527905516
0.415016717690877
-3.80177578324226
-0.356657862878732
-3.23054474708908
-0.291072218520107
2.19116356096162
1.50933211260785
-1.51984326728666
-1.62646595974308
3.37488956847506
-3.74300449024626
-0.797086083644199
-1.52710388025482
-3.4513972155159
-1.9331156852774
-0.368781553946124
-1.27930026888865
-2.60647710321307
1.44076653476642
-1.96069095765327
-1.02733020242878
-0.393141701511094
1.40160563533324
-1.18545523334045
-1.09337044419826
1.3569161165994
-0.337896551383664
-0.147712757135302
3.85894334545788
2.60062187576125
-1.81943346452108
0.743946109713974
-0.241226924708128
-0.0818019974314248
-0.307814715389215
1.14608704378486
-3.49191946234017
0.572912753910079
-3.22425729952643
-1.50273797375595
-0.323200033300082
0.647925777832167
2.69508960361552
0.640569501462275
2.37440700823509
-1.19622371976601
1.96799813502765
-1.63969141751271
2.00338502870339
-3.34314799352874
-0.109035194633233
-2.84860497983431
5.48728863682326
-1.21914843707338
-2.16183805968786
-0.852644752271893
-1.4370864220614
0.931121382889722
0.432366765441686
-2.35564650613498
-0.865899357633502
-0.2718518601844
-0.635242012824742
-3.7203273039013
-1.33836181911688
-1.98713465012106
0.182978749345035
-1.14336362691197
2.28210140858793
1.02150414195505
-0.540384456142443
1.15895706457714
-1.62650968193303
0.600618658636839
0.36127290213818
2.31639355593202
-2.37682155979439
-1.40194447487846
1.99920424842247
-0.414320455362706
-2.8722384061953
-4.44158605989983
0.675673798360256
2.64029691434694
-1.16644189765899
1.16034622615312
3.79334431113576
0.523323673750216
-3.31484087911495
-0.947048605582928
-1.94826088905345
-1.99006050482212
-0.12836865307541
0.161808357017966
0.917050168034695
4.52598465297853
-0.568823278234444
4.45123917813899
1.82190860888061
2.1502828663835
-0.0821091476749219
-1.16078730069453
-0.0294190190622673
0.527964359490443
-0.576065551580359
2.4733354497001
0.566321451085173
1.6306669883928
-1.29642352178937
-2.45617941048831
-0.530190786017026
-1.58204799729235
2.46603071584635
1.63086157681111
-0.839689449692939
1.41879481845983
1.19964361372837
2.98285536591043
-0.500067748190265
-2.65420562734271
-0.158004021116867
-1.35107540256208
-1.19146409832699
0.256581957428373
1.19263561504607
1.76152913782392
2.02506675528387
0.998768445967261
3.80316764489718
-1.39894031264021
-2.34973696856009
0.176749708746333
2.40107874449165
1.94671050863158
3.20210239988128
1.41903667816129
-1.67652900656127
-1.27168558036811
-3.65168601123183
0.000237952966554757
1.01151377343991
-4.01028438949354
-2.97865507246923
-0.664558967030047
3.16118200278443
0.654433823483584
-2.13794843193509
-0.998330168501155
-2.69201168369612
1.26112104118743
2.73640681314612
2.49453140732277
1.17870222462266
-0.321945553014121
0.199901268572358
-1.69448085124876
4.13497477869874
0.0299311109983798
-0.27316550023483
2.03929983622526
-0.454901735943503
0.696499333725295
-1.06768740395886
-1.83723594734051
3.83826654327288
0.479769184698508
-0.697450734225141
0.861212061356118
-0.637538719712908
-4.49178924853009
2.72604020551479
-2.29942707596251
-0.608885699231763
-0.234120675079085
4.01058842708309
0.142228299534344
-0.554943413922387
1.46753368943328
-1.87359279362919
0.727129866406558
-1.24716348541906
2.10270919943656
-4.78375485399161
0.536526922406558
-5.03926639954905
1.165034725974
-3.62940180463399
0.075603284605755
-0.958862107944042
3.40562519470428
-2.12833303066173
-1.96145592109744
-1.69297380830521
-1.01487088288433
-0.927380442791568
0.928286199613305
-0.478373346384435
-0.758383709042627
2.69098218232358
-0.96532925039286
0.0519039088212321
-0.589913306012057
-0.593667263158038
-0.442667249884458
-2.12564705986148
0.935526860400322
-1.30290916365884
-2.44951532921574
-2.93263119374609
1.67002278530328
-0.17684208524463
-1.36587005304577
-0.705244041975695
-0.440523030029743
2.48169298254087
1.40214480568084
0.0261638564298079
-0.857618439292034
0.600328159027269
0.484934203547975
0.31875994173384
3.58523834865047
-2.45413563799349
1.35533746597095
1.32166973772931
1.24572136465981
1.4661522766137
3.62271392753673
-0.0342255167015724
-1.49064140061416
-1.76510041304092
-1.47379777169268
-0.102137546917705
-2.47607420693895
2.76928227394315
0.929022607468139
3.6794094636717
5.01506144662127
-2.8453776409995
-3.08573937363211
1.15412606144026
0.412736724200382
-3.29389998317424
-2.41358108870649
-0.202615073749272
-1.32184492552654
2.17587327203101
0.7681897476074
1.74518949399015
-2.28071854131703
-3.70810758487813
-3.9916695269455
2.55882951990612
-0.239177454915391
1.51536366766054
-2.44984124279438
0.046135053754071
-0.291639340152257
-2.2039913836434
-0.705434830127609
1.46082992412253
-3.03867749958837
-0.847111577724283
3.19160088267658
1.39473228107172
